0.0 0.0 0.0 1.0
0.00390625 0.00390625 0.00390625 1.0
0.0078125 0.0078125 0.0078125 1.0
0.01171875 0.01171875 0.01171875 1.0
0.015625 0.015625 0.015625 1.0
0.01953125 0.01953125 0.01953125 1.0
0.0234375 0.0234375 0.0234375 1.0
0.02734375 0.02734375 0.02734375 1.0
0.03125 0.03125 0.03125 1.0
0.03515625 0.03515625 0.03515625 1.0
0.0390625 0.0390625 0.0390625 1.0
0.04296875 0.04296875 0.04296875 1.0
0.046875 0.046875 0.046875 1.0
0.05078125 0.05078125 0.05078125 1.0
0.0546875 0.0546875 0.0546875 1.0
0.05859375 0.05859375 0.05859375 1.0
0.0625 0.0625 0.0625 1.0
0.06640625 0.06640625 0.06640625 1.0
0.0703125 0.0703125 0.0703125 1.0
0.07421875 0.07421875 0.07421875 1.0
0.078125 0.078125 0.078125 1.0
0.08203125 0.08203125 0.08203125 1.0
0.0859375 0.0859375 0.0859375 1.0
0.08984375 0.08984375 0.08984375 1.0
0.09375 0.09375 0.09375 1.0
0.09765625 0.09765625 0.09765625 1.0
0.1015625 0.1015625 0.1015625 1.0
0.10546875 0.10546875 0.10546875 1.0
0.109375 0.109375 0.109375 1.0
0.11328125 0.11328125 0.11328125 1.0
0.1171875 0.1171875 0.1171875 1.0
0.12109375 0.12109375 0.12109375 1.0
0.125 0.125 0.125 1.0
0.12890625 0.12890625 0.12890625 1.0
0.1328125 0.1328125 0.1328125 1.0
0.13671875 0.13671875 0.13671875 1.0
0.140625 0.140625 0.140625 1.0
0.14453125 0.14453125 0.14453125 1.0
0.1484375 0.1484375 0.1484375 1.0
0.15234375 0.15234375 0.15234375 1.0
0.15625 0.15625 0.15625 1.0
0.16015625 0.16015625 0.16015625 1.0
0.1640625 0.1640625 0.1640625 1.0
0.16796875 0.16796875 0.16796875 1.0
0.171875 0.171875 0.171875 1.0
0.17578125 0.17578125 0.17578125 1.0
0.1796875 0.1796875 0.1796875 1.0
0.18359375 0.18359375 0.18359375 1.0
0.1875 0.1875 0.1875 1.0
0.19140625 0.19140625 0.19140625 1.0
0.1953125 0.1953125 0.1953125 1.0
0.19921875 0.19921875 0.19921875 1.0
0.203125 0.203125 0.203125 1.0
0.20703125 0.20703125 0.20703125 1.0
0.2109375 0.2109375 0.2109375 1.0
0.21484375 0.21484375 0.21484375 1.0
0.21875 0.21875 0.21875 1.0
0.22265625 0.22265625 0.22265625 1.0
0.2265625 0.2265625 0.2265625 1.0
0.23046875 0.23046875 0.23046875 1.0
0.234375 0.234375 0.234375 1.0
0.23828125 0.23828125 0.23828125 1.0
0.2421875 0.2421875 0.2421875 1.0
0.24609375 0.24609375 0.24609375 1.0
0.25 0.25 0.25 1.0
0.25390625 0.25390625 0.25390625 1.0
0.2578125 0.2578125 0.2578125 1.0
0.26171875 0.26171875 0.26171875 1.0
0.265625 0.265625 0.265625 1.0
0.26953125 0.26953125 0.26953125 1.0
0.2734375 0.2734375 0.2734375 1.0
0.27734375 0.27734375 0.27734375 1.0
0.28125 0.28125 0.28125 1.0
0.28515625 0.28515625 0.28515625 1.0
0.2890625 0.2890625 0.2890625 1.0
0.29296875 0.29296875 0.29296875 1.0
0.296875 0.296875 0.296875 1.0
0.30078125 0.30078125 0.30078125 1.0
0.3046875 0.3046875 0.3046875 1.0
0.30859375 0.30859375 0.30859375 1.0
0.3125 0.3125 0.3125 1.0
0.31640625 0.31640625 0.31640625 1.0
0.3203125 0.3203125 0.3203125 1.0
0.32421875 0.32421875 0.32421875 1.0
0.328125 0.328125 0.328125 1.0
0.33203125 0.33203125 0.33203125 1.0
0.3359375 0.3359375 0.3359375 1.0
0.33984375 0.33984375 0.33984375 1.0
0.34375 0.34375 0.34375 1.0
0.34765625 0.34765625 0.34765625 1.0
0.3515625 0.3515625 0.3515625 1.0
0.35546875 0.35546875 0.35546875 1.0
0.359375 0.359375 0.359375 1.0
0.36328125 0.36328125 0.36328125 1.0
0.3671875 0.3671875 0.3671875 1.0
0.37109375 0.37109375 0.37109375 1.0
0.375 0.375 0.375 1.0
0.37890625 0.37890625 0.37890625 1.0
0.3828125 0.3828125 0.3828125 1.0
0.38671875 0.38671875 0.38671875 1.0
0.390625 0.390625 0.390625 1.0
0.39453125 0.39453125 0.39453125 1.0
0.3984375 0.3984375 0.3984375 1.0
0.40234375 0.40234375 0.40234375 1.0
0.40625 0.40625 0.40625 1.0
0.41015625 0.41015625 0.41015625 1.0
0.4140625 0.4140625 0.4140625 1.0
0.41796875 0.41796875 0.41796875 1.0
0.421875 0.421875 0.421875 1.0
0.42578125 0.42578125 0.42578125 1.0
0.4296875 0.4296875 0.4296875 1.0
0.43359375 0.43359375 0.43359375 1.0
0.4375 0.4375 0.4375 1.0
0.44140625 0.44140625 0.44140625 1.0
0.4453125 0.4453125 0.4453125 1.0
0.44921875 0.44921875 0.44921875 1.0
0.453125 0.453125 0.453125 1.0
0.45703125 0.45703125 0.45703125 1.0
0.4609375 0.4609375 0.4609375 1.0
0.46484375 0.46484375 0.46484375 1.0
0.46875 0.4687594140625 0.94140625 0.94140625 1.0
0.9453125 0.9453125 0.9453125 1.0
0.94921875 0.94921875 0.94921875 1.0
0.953125 0.953125 0.953125 1.0
0.95703125 0.95703125 0.95703125 1.0
0.9609375 0.9609375 0.9609375 1.0
0.96484375 0.96484375 0.96484375 1.0
0.96875 0.96875 0.96875 1.0
0.97265625 0.97265625 0.97265625 1.0
0.9765625 0.9765625 0.9765625 1.0
0.98046875 0.98046875 0.98046875 1.0
0.984375 0.984375 0.984375 1.0
0.98828125 0.98828125 0.98828125 1.0
0.9921875 0.9921875 0.9921875 1.0
1.0 1.0 1.0 1.0
